8.000000000000000167e-03 9.995348417963869636e-01
8.492492492492492023e-03 9.995348417963868526e-01
8.984984984984985615e-03 9.995348417963866305e-01
9.477477477477477472e-03 9.995348417963868526e-01
9.969969969969971063e-03 9.388203502548405632e-01
1.046246246246246292e-02 4.983210894909717581e-01
1.095495495495495478e-02 2.349371154955985086e-01
1.144744744744744663e-02 1.509524737687140405e-01
1.193993993993994022e-02 1.070159357183136789e-01
1.243243243243243382e-02 8.001833181917283877e-02
1.292492492492492567e-02 6.199859117134699088e-02
1.341741741741741753e-02 4.930816641704600933e-02
1.390990990990990939e-02 4.001996808854470233e-02
1.440240240240240298e-02 3.301907961254194057e-02
1.489489489489489484e-02 2.761734260122306397e-02
1.538738738738738843e-02 2.336873079576253995e-02
1.587987987987988028e-02 1.997281203229011107e-02
1.637237237237237214e-02 1.722079933474118807e-02
1.686486486486486747e-02 1.496377630883777288e-02
1.735735735735735585e-02 1.309316575388403368e-02
1.784984984984985118e-02 1.152828962969841553e-02
1.834234234234234304e-02 1.020820355831403986e-02
1.883483483483483489e-02 9.086196610554741690e-03
1.932732732732733022e-02 8.126002061512326707e-03
1.981981981981981861e-02 7.299134695851726591e-03
2.031231231231231393e-02 6.582986592855544911e-03
2.080480480480480579e-02 5.959443785692421745e-03
2.129729729729729765e-02 5.413867010364767363e-03
2.178978978978978950e-02 4.934331040260475643e-03
2.228228228228228136e-02 4.511050344511827008e-03
2.277477477477477669e-02 4.135940777966059904e-03
2.326726726726726854e-02 3.802281786740012784e-03
2.375975975975976040e-02 3.504453711302809010e-03
2.425225225225225226e-02 3.237731771525248839e-03
2.474474474474474411e-02 2.998123239722512347e-03
2.523723723723723944e-02 2.782237809917129361e-03
2.572972972972973130e-02 2.587183692482853022e-03
2.622222222222222315e-02 2.410483797384631137e-03
2.671471471471471501e-02 2.250007716880477772e-03
2.720720720720720687e-02 2.103916218026822670e-03
2.769969969969970219e-02 1.970615703054176722e-03
2.819219219219219405e-02 1.848720659648691884e-03
2.868468468468468591e-02 1.737022551823826826e-03
2.917717717717717776e-02 1.634463930230388006e-03
2.966966966966966962e-02 1.540116793711108784e-03
3.016216216216216148e-02 1.453164430158213147e-03
3.065465465465465680e-02 1.372886117926864699e-03
3.114714714714714866e-02 1.298644189338810529e-03
3.163963963963964399e-02 1.229873052773990290e-03
3.213213213213213237e-02 1.166069845218662034e-03
3.262462462462462076e-02 1.106786447259835299e-03
3.311711711711712303e-02 1.051622640703723469e-03
3.360960960960961141e-02 1.000220227796144376e-03
3.410210210210209980e-02 9.522579624015504616e-04
3.459459459459459513e-02 9.074471689809618467e-04
3.508708708708709045e-02 8.655279459885628158e-04
3.557957957957957884e-02 8.262658673156754062e-04
3.607207207207207417e-02 7.894491093858655014e-04
3.656456456456456949e-02 7.548859430275680965e-04
3.705705705705705788e-02 7.224025387843245822e-04
3.754954954954954627e-02 6.918410422368815324e-04
3.804204204204204159e-02 6.630578825018937101e-04
3.853453453453453692e-02 6.359222825774469299e-04
3.902702702702702531e-02 6.103149448180020861e-04
3.951951951951952063e-02 5.861268886969306802e-04
4.001201201201201596e-02 5.632584212801554748e-04
4.050450450450450435e-02 5.416182235930182363e-04
4.099699699699699967e-02 5.211225383990706088e-04
4.148948948948948806e-02 5.016944468936205366e-04
4.198198198198198339e-02 4.832632235037632377e-04
4.247447447447447871e-02 4.657637594276143331e-04
4.296696696696696710e-02 4.491360467778198894e-04
4.345945945945946243e-02 4.333247162506503837e-04
4.395195195195195081e-02 4.182786221491823875e-04
4.444444444444444614e-02 4.039504693699858375e-04
4.493693693693694147e-02 3.902964776362397958e-04
4.542942942942942985e-02 3.772760788422702344e-04
4.592192192192192518e-02 3.648516438784794717e-04
4.641441441441441357e-02 3.529882357428780070e-04
4.690690690690690889e-02 3.416533861253581174e-04
4.739939939939940422e-02 3.308168929817676307e-04
4.789189189189189261e-02 3.204506369032415281e-04
4.838438438438438793e-02 3.105284143384323442e-04
4.887687687687687632e-02 3.010257859467801089e-04
4.936936936936937165e-02 2.919199385543213600e-04
4.986186186186186003e-02 2.831895593532333705e-04
5.035435435435435536e-02 2.748147211355200749e-04
5.084684684684685069e-02 2.667767774826415627e-04
5.133933933933933907e-02 2.590582669487005024e-04
5.183183183183183440e-02 2.516428253771552949e-04
5.232432432432432279e-02 2.445151055814320513e-04
5.281681681681681811e-02 2.376607036999662159e-04
5.330930930930931344e-02 2.310660916071921687e-04
5.380180180180180183e-02 2.247185548250761806e-04
5.429429429429429715e-02 2.186061354358485040e-04
5.478678678678678554e-02 2.127175795464717834e-04
5.527927927927928087e-02 2.070422888998570544e-04
5.577177177177177619e-02 2.015702762675090150e-04
5.626426426426426458e-02 1.962921242937176085e-04
5.675675675675675991e-02 1.911989474931107523e-04
5.724924924924924829e-02 1.862823571317496455e-04
5.774174174174174362e-02 1.815344287473869998e-04
5.823423423423423895e-02 1.769476720873180346e-04
5.872672672672672733e-02 1.725150032627698125e-04
5.921921921921922266e-02 1.682297189371670604e-04
5.971171171171171105e-02 1.640854723822460703e-04
6.020420420420420637e-02 1.600762512508962176e-04
6.069669669669670170e-02 1.561963569290954581e-04
6.118918918918919009e-02 1.524403853414896444e-04
6.168168168168168541e-02 1.488032090961309041e-04
6.217417417417417380e-02 1.452799608638599433e-04
6.266666666666667607e-02 1.418660178967918366e-04
6.315915915915915058e-02 1.385569875985400768e-04
6.365165165165165284e-02 1.353486940662026561e-04
6.414414414414415511e-02 1.322371655308331282e-04
6.463663663663662962e-02 1.292186226292332276e-04
6.512912912912913188e-02 1.262894674454468485e-04
6.562162162162162027e-02 1.234462732653584854e-04
6.611411411411410866e-02 1.206857749924140075e-04
6.660660660660661092e-02 1.180048601766602099e-04
6.709909909909909931e-02 1.154005606131188204e-04
6.759159159159158770e-02 1.128700444689807389e-04
6.808408408408408996e-02 1.104106089023121383e-04
6.857657657657657835e-02 1.080196731378703243e-04
6.906906906906906674e-02 1.056947719682642232e-04
6.956156156156156900e-02 1.034335496511574716e-04
7.005405405405405739e-02 1.012337541754509154e-04
7.054654654654654578e-02 9.909323187138291509e-05
7.103903903903904804e-02 9.700992234142772686e-05
7.153153153153152255e-02 9.498185369053424294e-05
7.202402402402402481e-02 9.300713803587859778e-05
7.251651651651652708e-02 9.108396727772545456e-05
7.300900900900900159e-02 8.921060911435644159e-05
7.350150150150150385e-02 8.738540328523294442e-05
7.399399399399400612e-02 8.560675802772552980e-05
7.448648648648648063e-02 8.387314673374666888e-05
7.497897897897898289e-02 8.218310479363700690e-05
7.547147147147148516e-02 8.053522661549325761e-05
7.596396396396395967e-02 7.892816280899825788e-05
7.645645645645646193e-02 7.736061752352354538e-05
7.694894894894896420e-02 7.583134593101729731e-05
7.744144144144143871e-02 7.433915184481668960e-05
7.793393393393394097e-02 7.288288546611847553e-05
7.842642642642641548e-02 7.146144125042496430e-05
7.891891891891891775e-02 7.007375588676494202e-05
7.941141141141142001e-02 6.871880638298392084e-05
7.990390390390389452e-02 6.739560825084604009e-05
8.039639639639639679e-02 6.610321378507425221e-05
8.088888888888889905e-02 6.484071043087041852e-05
8.138138138138137356e-02 6.360721923478556111e-05
8.187387387387387583e-02 6.240189337413997936e-05
8.236636636636637809e-02 6.122391676052600651e-05
8.285885885885885260e-02 6.007250271316981526e-05
8.335135135135135487e-02 5.894689269822585466e-05
8.384384384384385713e-02 5.784635513030637552e-05
8.433633633633633164e-02 5.677018423278715474e-05
8.482882882882883391e-02 5.571769895363651401e-05
8.532132132132133617e-02 5.468824193372112625e-05
8.581381381381381068e-02 5.368117852472014984e-05
8.630630630630631295e-02 5.269589585396811191e-05
8.679879879879881521e-02 5.173180193367975672e-05
8.729129129129128972e-02 5.078832481220048783e-05
8.778378378378379199e-02 4.986491176503097037e-05
8.827627627627626650e-02 4.896102852353100449e-05
8.876876876876876876e-02 4.807615853931798401e-05
8.926126126126127103e-02 4.720980228249390607e-05
8.975375375375374554e-02 4.636147657195700632e-05
9.024624624624624780e-02 4.553071393612554964e-05
9.073873873873875007e-02 4.471706200251984362e-05
9.123123123123122458e-02 4.392008291474398579e-05
9.172372372372372684e-02 4.313935277545672965e-05
9.221621621621622911e-02 4.237446111404032041e-05
9.270870870870870362e-02 4.162501037772376112e-05
9.320120120120120588e-02 4.089061544499207802e-05
9.369369369369370815e-02 4.017090316017707461e-05
9.418618618618618266e-02 3.946551188819815922e-05
9.467867867867868492e-02 3.877409108845117228e-05
9.517117117117118719e-02 3.809630090693060748e-05
9.566366366366366170e-02 3.743181178568839504e-05
9.615615615615616396e-02 3.678030408880864842e-05
9.664864864864863847e-02 3.614146774410244799e-05
9.714114114114114074e-02 3.551500189977136395e-05
9.763363363363364300e-02 3.490061459534538844e-05
9.812612612612611751e-02 3.429802244620995956e-05
9.861861861861861978e-02 3.370695034109616060e-05
9.911111111111112204e-02 3.312713115192694800e-05
9.960360360360359655e-02 3.255830545545031028e-05
1.000960960960960988e-01 3.200022126612034698e-05
1.005885885885886011e-01 3.145263377970210987e-05
1.010810810810810756e-01 3.091530512712827375e-05
1.015735735735735779e-01 3.038800413812583080e-05
1.020660660660660801e-01 2.987050611419035930e-05
1.025585585585585546e-01 2.936259261047811280e-05
1.030510510510510569e-01 2.886405122622249630e-05
1.035435435435435592e-01 2.837467540330225547e-05
1.040360360360360337e-01 2.789426423259218758e-05
1.045285285285285359e-01 2.742262226776798976e-05
1.050210210210210104e-01 2.695955934622806436e-05
1.055135135135135127e-01 2.650489041683736161e-05
1.060060060060060150e-01 2.605843537418252716e-05
1.064984984984984895e-01 2.562001889907661453e-05
1.069909909909909917e-01 2.518947030503451928e-05
1.074834834834834940e-01 2.476662339046730184e-05
1.079759759759759685e-01 2.435131629636172620e-05
1.084684684684684708e-01 2.394339136920401687e-05
1.089609609609609731e-01 2.354269502893478820e-05
1.094534534534534476e-01 2.314907764172552913e-05
1.099459459459459498e-01 2.276239339737415863e-05
1.104384384384384521e-01 2.238250019113231836e-05
1.109309309309309266e-01 2.200925950978059327e-05
1.114234234234234289e-01 2.164253632178313768e-05
1.119159159159159311e-01 2.128219897134606961e-05
1.124084084084084056e-01 2.092811907623474984e-05
1.129009009009009079e-01 2.058017142918891495e-05
1.133933933933934102e-01 2.023823390279701480e-05
1.138858858858858847e-01 1.990218735769065160e-05
1.143783783783783869e-01 1.957191555392649539e-05
1.148708708708708615e-01 1.924730506543150441e-05
1.153633633633633637e-01 1.892824519739288590e-05
1.158558558558558660e-01 1.861462790647197676e-05
1.163483483483483405e-01 1.830634772374054562e-05
1.168408408408408428e-01 1.800330168022647143e-05
1.173333333333333450e-01 1.770538923497337516e-05
1.178258258258258195e-01 1.741251220551622662e-05
1.183183183183183218e-01 1.712457470068056263e-05
1.188108108108108241e-01 1.684148305561825493e-05
1.193033033033032986e-01 1.656314576899285462e-05
1.197957957957958008e-01 1.628947344223726713e-05
1.202882882882883031e-01 1.602037872080194777e-05
1.207807807807807776e-01 1.575577623732486263e-05
1.212732732732732799e-01 1.549558255664593818e-05
1.217657657657657821e-01 1.523971612260252821e-05
1.222582582582582567e-01 1.498809720653755585e-05
1.227507507507507589e-01 1.474064785745758945e-05
1.232432432432432334e-01 1.449729185378710121e-05
1.237357357357357357e-01 1.425795465664862856e-05
1.242282282282282380e-01 1.402256336462642225e-05
1.247207207207207125e-01 1.379104666995116841e-05
1.252132132132132147e-01 1.356333481606103412e-05
1.257057057057057170e-01 1.333935955648615622e-05
1.261981981981981915e-01 1.311905411501033040e-05
1.266906906906906938e-01 1.290235314706656313e-05
1.271831831831831960e-01 1.268919270232159172e-05
1.276756756756756706e-01 1.247951018840503571e-05
1.281681681681681728e-01 1.227324433575390259e-05
1.286606606606606751e-01 1.207033516351505622e-05
1.291531531531531496e-01 1.187072394648864309e-05
1.296456456456456519e-01 1.167435318306460372e-05
1.301381381381381541e-01 1.148116656412354624e-05
1.306306306306306286e-01 1.129110894286138573e-05
1.311231231231231309e-01 1.110412630552056796e-05
1.316156156156156332e-01 1.092016574298186672e-05
1.321081081081081077e-01 1.073917542319722900e-05
1.326006006006006099e-01 1.056110456443321376e-05
1.330930930930931122e-01 1.038590340929551194e-05
1.335855855855855867e-01 1.021352319951111885e-05
1.340780780780780890e-01 1.004391615144444361e-05
1.345705705705705912e-01 9.877035432317826495e-06
1.350630630630630657e-01 9.712835137117986899e-06
1.355555555555555680e-01 9.551270266163043533e-06
1.360480480480480703e-01 9.392296703314540027e-06
1.365405405405405448e-01 9.235871194800111835e-06
1.370330330330330471e-01 9.081951328645749205e-06
1.375255255255255493e-01 8.930495514680510414e-06
1.380180180180180238e-01 8.781462965106095881e-06
1.385105105105105261e-01 8.634813675608755436e-06
1.390030030030030006e-01 8.490508406997948450e-06
1.394954954954955029e-01 8.348508667356635578e-06
1.399879879879880051e-01 8.208776694678136723e-06
1.404804804804804796e-01 8.071275439988945344e-06
1.409729729729729819e-01 7.935968550929316657e-06
1.414654654654654842e-01 7.802820355782708739e-06
1.419579579579579587e-01 7.671795847942194390e-06
1.424504504504504609e-01 7.542860670794741449e-06
1.429429429429429632e-01 7.415981103014711667e-06
1.434354354354354377e-01 7.291124044253244145e-06
1.439279279279279400e-01 7.168257001209001807e-06
1.444204204204204423e-01 7.047348074071614054e-06
1.449129129129129168e-01 6.928365943327768122e-06
1.454054054054054190e-01 6.811279856910624895e-06
1.458978978978979213e-01 6.696059617692090803e-06
1.463903903903903958e-01 6.582675571304997183e-06
1.468828828828828981e-01 6.471098594279240033e-06
1.473753753753754003e-01 6.361300082490505410e-06
1.478678678678678748e-01 6.253251939908061837e-06
1.483603603603603771e-01 6.146926567632769915e-06
1.488528528528528516e-01 6.042296853218885239e-06
1.493453453453453539e-01 5.939336160269379266e-06
1.498378378378378561e-01 5.838018318295269340e-06
1.503303303303303307e-01 5.738317612837580604e-06
1.508228228228228329e-01 5.640208775836101963e-06
1.513153153153153352e-01 5.543666976242934580e-06
1.518078078078078097e-01 5.448667810873181637e-06
1.523003003003003120e-01 5.355187295484073572e-06
1.527927927927928142e-01 5.263201856077997145e-06
1.532852852852852887e-01 5.172688320421550959e-06
1.537777777777777910e-01 5.083623909774621935e-06
1.542702702702702933e-01 4.995986230825378048e-06
1.547627627627627678e-01 4.909753267822374945e-06
1.552552552552552700e-01 4.824903374900927876e-06
1.557477477477477723e-01 4.741415268595675016e-06
1.562402402402402468e-01 4.659268020537220530e-06
1.567327327327327491e-01 4.578441050324187155e-06
1.572252252252252236e-01 4.498914118569118048e-06
1.577177177177177259e-01 4.420667320111265313e-06
1.582102102102102281e-01 4.343681077391306654e-06
1.587027027027027026e-01 4.267936133987559030e-06
1.591951951951952049e-01 4.193413548301553860e-06
1.596876876876877072e-01 4.120094687397948412e-06
1.601801801801801817e-01 4.047961220986956408e-06
1.606726726726726839e-01 3.976995115550443049e-06
1.611651651651651862e-01 3.907178628605645945e-06
1.616576576576576607e-01 3.838494303101536329e-06
1.621501501501501630e-01 3.770924961947837058e-06
1.626426426426426652e-01 3.704453702670400151e-06
1.631351351351351398e-01 3.639063892189457037e-06
1.636276276276276420e-01 3.574739161719030513e-06
1.641201201201201443e-01 3.511463401783588777e-06
1.646126126126126188e-01 3.449220757348461478e-06
1.651051051051051211e-01 3.387995623061199303e-06
1.655975975975976233e-01 3.327772638600909935e-06
1.660900900900900978e-01 3.268536684134126615e-06
1.665825825825826001e-01 3.210272875871038244e-06
1.670750750750750746e-01 3.152966561723473566e-06
1.675675675675675769e-01 3.096603317059571182e-06
1.680600600600600791e-01 3.041168940552248733e-06
1.685525525525525536e-01 2.986649450121752452e-06
1.690450450450450559e-01 2.933031078965903003e-06
1.695375375375375582e-01 2.880300271680435550e-06
1.700300300300300327e-01 2.828443680462320267e-06
1.705225225225225349e-01 2.777448161397723452e-06
1.710150150150150372e-01 2.727300770830455411e-06
1.715075075075075117e-01 2.677988761809813703e-06
1.720000000000000140e-01 2.629499580614859674e-06
1.724924924924925163e-01 2.581820863354055087e-06
1.729849849849849908e-01 2.534940432638261976e-06
1.734774774774774930e-01 2.488846294324783566e-06
1.739699699699699953e-01 2.443526634330837764e-06
1.744624624624624698e-01 2.398969815515273976e-06
1.749549549549549721e-01 2.355164374626336460e-06
1.754474474474474466e-01 2.312099019313262641e-06
1.759399399399399488e-01 2.269762625201384740e-06
1.764324324324324511e-01 2.228144233029065242e-06
1.769249249249249256e-01 2.187233045843294898e-06
1.774174174174174279e-01 2.147018426254743967e-06
1.779099099099099301e-01 2.107489893748373318e-06
1.784024024024024047e-01 2.068637122051826732e-06
1.788948948948949069e-01 2.030449936555672201e-06
1.793873873873874092e-01 1.992918311788218839e-06
1.798798798798798837e-01 1.956032368941149412e-06
1.803723723723723860e-01 1.919782373445763087e-06
1.808648648648648882e-01 1.884158732598500680e-06
1.813573573573573627e-01 1.849151993234168864e-06
1.818498498498498650e-01 1.814752839446475192e-06
1.823423423423423673e-01 1.780952090354079711e-06
1.828348348348348418e-01 1.747740697910835220e-06
1.833273273273273440e-01 1.715109744760582523e-06
1.838198198198198186e-01 1.683050442133907056e-06
1.843123123123123208e-01 1.651554127786457946e-06
1.848048048048048231e-01 1.620612263978091716e-06
1.852972972972972976e-01 1.590216435491588534e-06
1.857897897897897999e-01 1.560358347690081464e-06
1.862822822822823021e-01 1.531029824612337709e-06
1.867747747747747766e-01 1.502222807104888969e-06
1.872672672672672789e-01 1.473929350990527464e-06
1.877597597597597812e-01 1.446141625271596584e-06
1.882522522522522557e-01 1.418851910368422827e-06
1.887447447447447579e-01 1.392052596390828805e-06
1.892372372372372602e-01 1.365736181442536773e-06
1.897297297297297347e-01 1.339895269958301701e-06
1.902222222222222370e-01 1.314522571071987110e-06
1.907147147147147392e-01 1.289610897015057430e-06
1.912072072072072138e-01 1.265153161546189716e-06
1.916996996996997160e-01 1.241142378408859050e-06
1.921921921921922183e-01 1.217571659818602497e-06
1.926846846846846928e-01 1.194434214977798075e-06
1.931771771771771951e-01 1.171723348618207137e-06
1.936696696696696696e-01 1.149432459569930634e-06
1.941621621621621718e-01 1.127555039356877503e-06
1.946546546546546741e-01 1.106084670817686606e-06
1.951471471471471486e-01 1.085015026751916726e-06
1.956396396396396509e-01 1.064339868590317283e-06
1.961321321321321531e-01 1.044053045089711076e-06
1.966246246246246276e-01 1.024148491050689523e-06
1.971171171171171299e-01 1.004620226058433817e-06
1.976096096096096322e-01 9.854623532462704323e-07
1.981021021021021067e-01 9.666690580808403850e-07
1.985945945945946089e-01 9.482346071688365868e-07
1.990870870870871112e-01 9.301533470846351805e-07
1.995795795795795857e-01 9.124197032187765880e-07
2.000720720720720880e-01 8.950281786461311810e-07
2.005645645645645903e-01 8.779733530143882374e-07
2.010570570570570648e-01 8.612498814508560547e-07
2.015495495495495670e-01 8.448524934891237170e-07
2.020420420420420415e-01 8.287759920134547544e-07
2.025345345345345438e-01 8.130152522215975226e-07
2.030270270270270461e-01 7.975652206051817863e-07
2.035195195195195206e-01 7.824209139473702111e-07
2.040120120120120228e-01 7.675774183375192294e-07
2.045045045045045251e-01 7.530298882024203648e-07
2.049969969969969996e-01 7.387735453537072861e-07
2.054894894894895019e-01 7.248036780514110151e-07
2.059819819819820041e-01 7.111156400827170464e-07
2.064744744744744787e-01 6.977048498563583776e-07
2.069669669669669809e-01 6.845667895115797300e-07
2.074594594594594832e-01 6.716970040420855705e-07
2.079519519519519577e-01 6.590911004340428442e-07
2.084444444444444600e-01 6.467447468183744250e-07
2.089369369369369622e-01 6.346536716365093776e-07
2.094294294294294367e-01 6.228136628198468945e-07
2.099219219219219390e-01 6.112205669823932905e-07
2.104144144144144413e-01 5.998702886261664295e-07
2.109069069069069158e-01 5.887587893595160277e-07
2.113993993993994180e-01 5.778820871276718309e-07
2.118918918918918926e-01 5.672362554555010298e-07
2.123843843843843948e-01 5.568174227022797790e-07
2.128768768768768971e-01 5.466217713281400071e-07
2.133693693693693716e-01 5.366455371718163862e-07
2.138618618618618739e-01 5.268850087398750460e-07
2.143543543543543761e-01 5.173365265067310517e-07
2.148468468468468506e-01 5.079964822256502054e-07
2.153393393393393529e-01 4.988613182501847052e-07
2.158318318318318552e-01 4.899275268660321800e-07
2.163243243243243297e-01 4.811916496331478462e-07
2.168168168168168319e-01 4.726502767377619739e-07
2.173093093093093342e-01 4.643000463541345258e-07
2.178018018018018087e-01 4.561376440160197590e-07
2.182942942942943110e-01 4.481598019975325209e-07
2.187867867867868132e-01 4.403632987031543489e-07
2.192792792792792878e-01 4.327449580668171697e-07
2.197717717717717900e-01 4.253016489600386031e-07
2.202642642642642645e-01 4.180302846084824921e-07
2.207567567567567668e-01 4.109278220173822559e-07
2.212492492492492691e-01 4.039912614050953348e-07
2.217417417417417436e-01 3.972176456450614215e-07
2.222342342342342458e-01 3.906040597157837334e-07
2.227267267267267481e-01 3.841476301587122039e-07
2.232192192192192226e-01 3.778455245439523044e-07
2.237117117117117249e-01 3.716949509435935101e-07
2.242042042042042271e-01 3.656931574125591013e-07
2.246966966966967016e-01 3.598374314767715756e-07
2.251891891891892039e-01 3.541250996285851268e-07
2.256816816816817062e-01 3.485535268293171605e-07
2.261741741741741807e-01 3.431201160186508865e-07
2.266666666666666829e-01 3.378223076310620394e-07
2.271591591591591852e-01 3.326575791187625108e-07
2.276516516516516597e-01 3.276234444813858878e-07
2.281441441441441620e-01 3.227174538020508318e-07
2.286366366366366365e-01 3.179371927898745073e-07
2.291291291291291388e-01 3.132802823286607750e-07
2.296216216216216410e-01 3.087443780317606086e-07
2.301141141141141155e-01 3.043271698029794786e-07
2.306066066066066178e-01 3.000263814033509171e-07
2.310990990990991201e-01 2.958397700238186131e-07
2.315915915915915946e-01 2.917651258635695409e-07
2.320840840840840968e-01 2.878002717139936644e-07
2.325765765765765991e-01 2.839430625482242644e-07
2.330690690690690736e-01 2.801913851159998562e-07
2.335615615615615759e-01 2.765431575439956116e-07
2.340540540540540781e-01 2.729963289413077575e-07
2.345465465465465527e-01 2.695488790100984178e-07
2.350390390390390549e-01 2.661988176613515576e-07
2.355315315315315572e-01 2.629441846355820057e-07
2.360240240240240317e-01 2.597830491284232808e-07
2.365165165165165340e-01 2.567135094211441435e-07
2.370090090090090362e-01 2.537336925156996337e-07
2.375015015015015107e-01 2.508417537746762110e-07
2.379939939939940130e-01 2.480358765656204501e-07
2.384864864864864875e-01 2.453142719099992582e-07
2.389789789789789898e-01 2.426751781365318425e-07
2.394714714714714920e-01 2.401168605389705058e-07
2.399639639639639666e-01 2.376376110379824316e-07
2.404564564564564688e-01 2.352357478474971858e-07
2.409489489489489711e-01 2.329096151450159238e-07
2.414414414414414456e-01 2.306575827461270428e-07
2.419339339339339479e-01 2.284780457829697748e-07
2.424264264264264501e-01 2.263694243866714501e-07
2.429189189189189246e-01 2.243301633737486095e-07
2.434114114114114269e-01 2.223587319362495674e-07
2.439039039039039292e-01 2.204536233357044676e-07
2.443963963963964037e-01 2.186133546008684577e-07
2.448888888888889059e-01 2.168364662289721366e-07
2.453813813813814082e-01 2.151215218907316897e-07
2.458738738738738827e-01 2.134671081388016311e-07
2.463663663663663850e-01 2.118718341197513869e-07
2.468588588588588595e-01 2.103343312895769724e-07
2.473513513513513618e-01 2.088532531323721802e-07
2.478438438438438640e-01 2.074272748825994469e-07
2.483363363363363385e-01 2.060550932505193589e-07
2.488288288288288408e-01 2.047354261508128366e-07
2.493213213213213431e-01 2.034670124345537318e-07
2.498138138138138176e-01 2.022486116241000613e-07
2.503063063063062921e-01 2.010790036513986785e-07
2.507987987987987943e-01 1.999569885990114875e-07
2.512912912912912966e-01 1.988813864443442097e-07
2.517837837837837989e-01 1.978510368068535564e-07
2.522762762762763011e-01 1.968647986980768745e-07
2.527687687687687479e-01 1.959215502746395354e-07
2.532612612612612502e-01 1.950201885940060500e-07
2.537537537537537524e-01 1.941596293731276652e-07
2.542462462462462547e-01 1.933388067498616379e-07
2.547387387387387570e-01 1.925566730469801530e-07
2.552312312312312592e-01 1.918121985390124873e-07
2.557237237237237060e-01 1.911043712216623657e-07
2.562162162162162082e-01 1.904321965839137729e-07
2.567087087087087105e-01 1.897946973825897466e-07
2.572012012012012128e-01 1.891909134195190789e-07
2.576936936936937150e-01 1.886199013213227053e-07
2.581861861861862173e-01 1.880807343214786659e-07
2.586786786786787196e-01 1.875725020449436227e-07
2.591711711711711663e-01 1.870943102952017360e-07
2.596636636636636686e-01 1.866452808436016677e-07
2.601561561561561708e-01 1.862245512211639561e-07
2.606486486486486731e-01 1.858312745125495158e-07
2.611411411411411754e-01 1.854646191525003357e-07
2.616336336336336221e-01 1.851237687244019154e-07
2.621261261261261244e-01 1.848079217610832179e-07
2.626186186186186267e-01 1.845162915478953800e-07
2.631111111111111289e-01 1.842481059278832548e-07
2.636036036036036312e-01 1.840026071091856575e-07
2.640960960960961335e-01 1.837790514744331796e-07
2.645885885885885802e-01 1.835767093924003278e-07
2.650810810810810825e-01 1.833948650315762455e-07
2.655735735735735847e-01 1.832328161758176011e-07
2.660660660660660870e-01 1.830898740420877171e-07
2.665585585585585893e-01 1.829653631001139648e-07
2.670510510510510915e-01 1.828586208940619712e-07
2.675435435435435383e-01 1.827689978660793328e-07
2.680360360360360406e-01 1.826958571818319483e-07
2.685285285285285428e-01 1.826385745579612107e-07
2.690210210210210451e-01 1.825965380912874891e-07
2.695135135135135473e-01 1.825691480900143296e-07
2.700060060060059941e-01 1.825558169067198960e-07
2.704984984984984964e-01 1.825559687730606071e-07
2.709909909909909986e-01 1.825690396364852340e-07
2.714834834834835009e-01 1.825944769984135704e-07
2.719759759759760032e-01 1.826317397544791361e-07
2.724684684684685054e-01 1.826802980363150431e-07
2.729609609609609522e-01 1.827396330550530381e-07
2.734534534534534544e-01 1.828092369466019234e-07
2.739459459459459567e-01 1.828886126185271083e-07
2.744384384384384590e-01 1.829772735986428604e-07
2.749309309309309612e-01 1.830747438851684987e-07
2.754234234234234635e-01 1.831805577985619488e-07
2.759159159159159103e-01 1.832942598349287801e-07
2.764084084084084125e-01 1.834154045210742226e-07
2.769009009009009148e-01 1.835435562709465133e-07
2.773933933933934171e-01 1.836782892438604694e-07
2.778858858858859193e-01 1.838191872041465637e-07
2.783783783783783661e-01 1.839658433822125338e-07
2.788708708708708683e-01 1.841178603373391858e-07
2.793633633633633706e-01 1.842748498217457403e-07
2.798558558558558729e-01 1.844364326462535578e-07
2.803483483483483751e-01 1.846022385473351053e-07
2.808408408408408774e-01 1.847719060556781870e-07
2.813333333333333242e-01 1.849450823660609838e-07
2.818258258258258264e-01 1.851214232087883338e-07
2.823183183183183287e-01 1.853005927223550196e-07
2.828108108108108310e-01 1.854822633276400937e-07
2.833033033033033332e-01 1.856661156034008441e-07
2.837957957957958355e-01 1.858518381631079567e-07
2.842882882882882822e-01 1.860391275331390541e-07
2.847807807807807845e-01 1.862276880323380485e-07
2.852732732732732868e-01 1.864172316528239213e-07
2.857657657657657890e-01 1.866074779421423936e-07
2.862582582582582913e-01 1.867981538867299159e-07
2.867507507507507936e-01 1.869889937965567539e-07
2.872432432432432403e-01 1.871797391911519290e-07
2.877357357357357426e-01 1.873701386868403696e-07
2.882282282282282448e-01 1.875599478851668334e-07
2.887207207207207471e-01 1.877489292626411766e-07
2.892132132132132494e-01 1.879368520615879143e-07
2.897057057057056961e-01 1.881234921823340405e-07
2.901981981981981984e-01 1.883086320764855241e-07
2.906906906906907007e-01 1.884920606414444692e-07
2.911831831831832029e-01 1.886735731160434596e-07
2.916756756756757052e-01 1.888529709774149032e-07
2.921681681681682075e-01 1.890300618389721604e-07
2.926606606606606542e-01 1.892046593494984330e-07
2.931531531531531565e-01 1.893765830934059611e-07
2.936456456456456587e-01 1.895456584921589902e-07
2.941381381381381610e-01 1.897117167066644741e-07
2.946306306306306633e-01 1.898745945409201180e-07
2.951231231231231655e-01 1.900341343466473097e-07
2.956156156156156123e-01 1.901901839290636014e-07
2.961081081081081146e-01 1.903425964536534983e-07
2.966006006006006168e-01 1.904912303541086571e-07
2.970930930930931191e-01 1.906359492411874048e-07
2.975855855855856213e-01 1.907766218127020566e-07
2.980780780780780681e-01 1.909131217645743420e-07
2.985705705705705704e-01 1.910453277027689917e-07
2.990630630630630726e-01 1.911731230563562355e-07
2.995555555555555749e-01 1.912963959915989436e-07
3.000480480480480772e-01 1.914150393269342892e-07
3.005405405405405794e-01 1.915289504490018401e-07
3.010330330330330262e-01 1.916380312296810753e-07
3.015255255255255284e-01 1.917421879439932726e-07
3.020180180180180307e-01 1.918413311890984776e-07
3.025105105105105330e-01 1.919353758041911738e-07
3.030030030030030352e-01 1.920242407911999201e-07
3.034954954954955375e-01 1.921078492367545466e-07
3.039879879879879843e-01 1.921861282346973571e-07
3.044804804804804865e-01 1.922590088098215761e-07
3.049729729729729888e-01 1.923264258423077253e-07
3.054654654654654911e-01 1.923883179932570394e-07
3.059579579579579933e-01 1.924446276309150556e-07
3.064504504504504401e-01 1.924953007579398849e-07
3.069429429429429423e-01 1.925402869395195557e-07
3.074354354354354446e-01 1.925795392323417892e-07
3.079279279279279469e-01 1.926130141143608333e-07
3.084204204204204491e-01 1.926406714156100120e-07
3.089129129129129514e-01 1.926624742496682887e-07
3.094054054054053982e-01 1.926783889460678322e-07
3.098978978978979004e-01 1.926883849835857240e-07
3.103903903903904027e-01 1.926924349242415905e-07
3.108828828828829050e-01 1.926905143481912352e-07
3.113753753753754072e-01 1.926826017894517145e-07
3.118678678678679095e-01 1.926686786723964186e-07
3.123603603603603562e-01 1.926487292490915214e-07
3.128528528528528585e-01 1.926227405373683164e-07
3.133453453453453608e-01 1.925907022597278416e-07
3.138378378378378630e-01 1.925526067830668626e-07
3.143303303303303653e-01 1.925084490590393676e-07
3.148228228228228120e-01 1.924582265653879157e-07
3.153153153153153143e-01 1.924019392478244183e-07
3.158078078078078166e-01 1.923395894628324659e-07
3.163003003003003188e-01 1.922711819211310286e-07
3.167927927927928211e-01 1.921967236319481058e-07
3.172852852852853234e-01 1.921162238478890721e-07
3.177777777777777701e-01 1.920296940107613234e-07
3.182702702702702724e-01 1.919371476978893287e-07
3.187627627627627747e-01 1.918386005692825122e-07
3.192552552552552769e-01 1.917340703155419056e-07
3.197477477477477792e-01 1.916235766062918830e-07
3.202402402402402815e-01 1.915071410395851889e-07
3.207327327327327282e-01 1.913847870917054889e-07
3.212252252252252305e-01 1.912565400679023455e-07
3.217177177177177327e-01 1.911224270536177112e-07
3.222102102102102350e-01 1.909824768665851034e-07
3.227027027027027373e-01 1.908367200093897774e-07
3.231951951951952395e-01 1.906851886228038280e-07
3.236876876876876863e-01 1.905279164398300736e-07
3.241801801801801886e-01 1.903649387402209389e-07
3.246726726726726908e-01 1.901962923059041936e-07
3.251651651651651931e-01 1.900220153767293984e-07
3.256576576576576953e-01 1.898421476071522280e-07
3.261501501501501421e-01 1.896567300233886861e-07
3.266426426426426444e-01 1.894658049811351119e-07
3.271351351351351466e-01 1.892694161240841056e-07
3.276276276276276489e-01 1.890676083429461869e-07
3.281201201201201512e-01 1.888604277350279531e-07
3.286126126126126534e-01 1.886479215645651023e-07
3.291051051051051002e-01 1.884301382234761152e-07
3.295975975975976024e-01 1.882071271928597107e-07
3.300900900900901047e-01 1.879789390049611604e-07
3.305825825825826070e-01 1.877456252058204651e-07
3.310750750750751092e-01 1.875072383183680825e-07
3.315675675675676115e-01 1.872638318062348089e-07
3.320600600600600583e-01 1.870154600380114887e-07
3.325525525525525605e-01 1.867621782521656248e-07
3.330450450450450628e-01 1.865040425223743577e-07
3.335375375375375651e-01 1.862411097235929084e-07
3.340300300300300673e-01 1.859734374984908976e-07
3.345225225225225141e-01 1.857010842244980789e-07
3.350150150150150163e-01 1.854241089814508833e-07
3.355075075075075186e-01 1.851425715196680120e-07
3.360000000000000209e-01 1.848565322285343814e-07
3.364924924924925231e-01 1.845660521058186513e-07
3.369849849849850254e-01 1.842711927271161680e-07
3.374774774774774722e-01 1.839720162161687172e-07
3.379699699699699744e-01 1.836685852155924160e-07
3.384624624624624767e-01 1.833609628578831922e-07
3.389549549549549790e-01 1.830492127372728446e-07
3.394474474474474812e-01 1.827333988817680614e-07
3.399399399399399835e-01 1.824135857258922653e-07
3.404324324324324302e-01 1.820898380837447240e-07
3.409249249249249325e-01 1.817622211226042249e-07
3.414174174174174348e-01 1.814308003371307540e-07
3.419099099099099370e-01 1.810956415237172326e-07
3.424024024024024393e-01 1.807568107556348969e-07
3.428948948948948861e-01 1.804143743584814661e-07
3.433873873873873883e-01 1.800683988859802990e-07
3.438798798798798906e-01 1.797189510965055379e-07
3.443723723723723928e-01 1.793660979297598501e-07
3.448648648648648951e-01 1.790099064840986682e-07
3.453573573573573974e-01 1.786504439941406207e-07
3.458498498498498441e-01 1.782877778089342786e-07
3.463423423423423464e-01 1.779219753704279808e-07
3.468348348348348487e-01 1.775531041925324503e-07
3.473273273273273509e-01 1.771812318403098559e-07
3.478198198198198532e-01 1.768064259099584508e-07
3.483123123123123555e-01 1.764287540088415206e-07
3.488048048048048022e-01 1.760482837361833437e-07
3.492972972972973045e-01 1.756650826639920768e-07
3.497897897897898067e-01 1.752792183185170394e-07
3.502822822822823090e-01 1.748907581619275497e-07
3.507747747747748113e-01 1.744997695745988982e-07
3.512672672672672580e-01 1.741063198375477167e-07
3.517597597597597603e-01 1.737104761154453410e-07
3.522522522522522626e-01 1.733123054398018782e-07
3.527447447447447648e-01 1.729118746927881943e-07
3.532372372372372671e-01 1.725092505911057605e-07
3.537297297297297693e-01 1.721044996705125523e-07
3.542222222222222161e-01 1.716976882705357983e-07
3.547147147147147184e-01 1.712888825194803185e-07
3.552072072072072206e-01 1.708781483200462747e-07
3.556996996996997229e-01 1.704655513349855148e-07
3.561921921921922252e-01 1.700511569733446993e-07
3.566846846846847274e-01 1.696350303768964945e-07
3.571771771771771742e-01 1.692172364069071980e-07
3.576696696696696764e-01 1.687978396313921219e-07
3.581621621621621787e-01 1.683769043124686497e-07
3.586546546546546810e-01 1.679544943942017899e-07
3.591471471471471832e-01 1.675306734906959518e-07
3.596396396396396300e-01 1.671055048745077463e-07
3.601321321321321323e-01 1.666790514654015708e-07
3.606246246246246345e-01 1.662513758193523155e-07
3.611171171171171368e-01 1.658225401178989801e-07
3.616096096096096391e-01 1.653926061577702932e-07
3.621021021021021413e-01 1.649616353408576695e-07
3.625945945945945881e-01 1.645296886643881176e-07
3.630870870870870903e-01 1.640968267114454132e-07
3.635795795795795926e-01 1.636631096418368859e-07
3.640720720720720949e-01 1.632285971829953861e-07
3.645645645645645971e-01 1.627933486215943466e-07
3.650570570570570994e-01 1.623574227948946793e-07
3.655495495495495462e-01 1.619208780828699634e-07
3.660420420420420484e-01 1.614837724002272353e-07
3.665345345345345507e-01 1.610461631888519585e-07
3.670270270270270530e-01 1.606081074105685119e-07
3.675195195195195552e-01 1.601696615400191309e-07
3.680120120120120575e-01 1.597308815578401573e-07
3.685045045045045042e-01 1.592918229441373179e-07
3.689969969969970065e-01 1.588525406721802258e-07
3.694894894894895088e-01 1.584130892022960407e-07
3.699819819819820110e-01 1.579735224760339942e-07
3.704744744744745133e-01 1.575338939106449846e-07
3.709669669669669601e-01 1.570942563935711516e-07
3.714594594594594623e-01 1.566546622774657460e-07
3.719519519519519646e-01 1.562151633751680003e-07
3.724444444444444668e-01 1.557758109550666035e-07
3.729369369369369691e-01 1.553366557366184728e-07
3.734294294294294714e-01 1.548977478860648315e-07
3.739219219219219181e-01 1.544591370124407311e-07
3.744144144144144204e-01 1.540208721637038463e-07
3.749069069069069227e-01 1.535830018230874415e-07
3.753993993993994249e-01 1.531455739057602031e-07
3.758918918918919272e-01 1.527086357554799557e-07
3.763843843843844295e-01 1.522722341416659465e-07
3.768768768768768762e-01 1.518364152564955596e-07
3.773693693693693785e-01 1.514012247123405065e-07
3.778618618618618807e-01 1.509667075392006870e-07
3.783543543543543830e-01 1.505329081825835625e-07
3.788468468468468853e-01 1.500998705011913328e-07
3.793393393393393320e-01 1.496676377652529690e-07
3.798318318318318343e-01 1.492362526546285543e-07
3.803243243243243366e-01 1.488057572573248849e-07
3.808168168168168388e-01 1.483761930680328293e-07
3.813093093093093411e-01 1.479476009869748080e-07
3.818018018018018434e-01 1.475200213188173881e-07
3.822942942942942901e-01 1.470934937717419826e-07
3.827867867867867924e-01 1.466680574567285513e-07
3.832792792792792946e-01 1.462437508869825040e-07
3.837717717717717969e-01 1.458206119775106810e-07
3.842642642642642992e-01 1.453986780447800251e-07
3.847567567567568014e-01 1.449779858066670774e-07
3.852492492492492482e-01 1.445585713823679272e-07
3.857417417417417504e-01 1.441404702926983527e-07
3.862342342342342527e-01 1.437237174602080644e-07
3.867267267267267550e-01 1.433083472097779168e-07
3.872192192192192572e-01 1.428943932690714293e-07
3.877117117117117040e-01 1.424818887692798050e-07
3.882042042042042063e-01 1.420708662459479466e-07
3.886966966966967085e-01 1.416613576399082305e-07
3.891891891891892108e-01 1.412533942983889823e-07
3.896816816816817131e-01 1.408470069761908992e-07
3.901741741741742153e-01 1.404422258370128156e-07
3.906666666666666621e-01 1.400390804548686304e-07
3.911591591591591643e-01 1.396375998156898933e-07
3.916516516516516666e-01 1.392378123189328115e-07
3.921441441441441689e-01 1.388397457793765273e-07
3.926366366366366711e-01 1.384434274290223778e-07
3.931291291291291734e-01 1.380488839190228002e-07
3.936216216216216202e-01 1.376561413218212022e-07
3.941141141141141224e-01 1.372652251333363805e-07
3.946066066066066247e-01 1.368761602752022873e-07
3.950990990990991270e-01 1.364889710972255117e-07
3.955915915915916292e-01 1.361036813797826735e-07
3.960840840840840760e-01 1.357203143364446907e-07
3.965765765765765782e-01 1.353388926166298977e-07
3.970690690690690805e-01 1.349594383082779174e-07
3.975615615615615828e-01 1.345819729408053821e-07
3.980540540540540850e-01 1.342065174879055626e-07
3.985465465465465873e-01 1.338330923705957817e-07
3.990390390390390341e-01 1.334617174602670230e-07
3.995315315315315363e-01 1.330924120818518349e-07
4.000240240240240386e-01 1.327251950170411762e-07
4.005165165165165408e-01 1.323600845075629893e-07
4.010090090090090431e-01 1.319970982585828522e-07
4.015015015015015454e-01 1.316362534421095015e-07
4.019939939939939921e-01 1.312775667005034537e-07
4.024864864864864944e-01 1.309210541500502675e-07
4.029789789789789967e-01 1.305667313846050877e-07
4.034714714714714989e-01 1.302146134792266816e-07
4.039639639639640012e-01 1.298647149940219892e-07
4.044564564564564479e-01 1.295170499778409336e-07
4.049489489489489502e-01 1.291716319722350296e-07
4.054414414414414525e-01 1.288284740153311039e-07
4.059339339339339547e-01 1.284875886458043820e-07
4.064264264264264570e-01 1.281489879068806664e-07
4.069189189189189593e-01 1.278126833504373256e-07
4.074114114114114060e-01 1.274786860411094722e-07
4.079039039039039083e-01 1.271470065604125246e-07
4.083963963963964106e-01 1.268176550109975419e-07
4.088888888888889128e-01 1.264906410208589132e-07
4.093813813813814151e-01 1.261659737476248174e-07
4.098738738738739174e-01 1.258436618829017614e-07
4.103663663663663641e-01 1.255237136565959036e-07
4.108588588588588664e-01 1.252061368413532274e-07
4.113513513513513686e-01 1.248909387569307604e-07
4.118438438438438709e-01 1.245781262747232244e-07
4.123363363363363732e-01 1.242677058221978619e-07
4.128288288288288754e-01 1.239596833874527169e-07
4.133213213213213222e-01 1.236540645237434179e-07
4.138138138138138244e-01 1.233508543540592197e-07
4.143063063063063267e-01 1.230500575757460571e-07
4.147987987987988290e-01 1.227516784650917718e-07
4.152912912912913312e-01 1.224557208819950377e-07
4.157837837837837780e-01 1.221621882746476532e-07
4.162762762762762803e-01 1.218710836841457883e-07
4.167687687687687825e-01 1.215824097493015821e-07
4.172612612612612848e-01 1.212961687112656926e-07
4.177537537537537871e-01 1.210123624183230647e-07
4.182462462462462893e-01 1.207309923306144509e-07
4.187387387387387361e-01 1.204520595248791076e-07
4.192312312312312383e-01 1.201755646992897650e-07
4.197237237237237406e-01 1.199015081781686416e-07
4.202162162162162429e-01 1.196298899168267821e-07
4.207087087087087451e-01 1.193607095063214972e-07
4.212012012012012474e-01 1.190939661783149706e-07
4.216936936936936942e-01 1.188296588098411230e-07
4.221861861861861964e-01 1.185677859281436122e-07
4.226786786786786987e-01 1.183083457154948157e-07
4.231711711711712010e-01 1.180513360140171816e-07
4.236636636636637032e-01 1.177967543305067109e-07
4.241561561561561500e-01 1.175445978412486439e-07
4.246486486486486522e-01 1.172948633968629525e-07
4.251411411411411545e-01 1.170475475270865685e-07
4.256336336336336568e-01 1.168026464456376821e-07
4.261261261261261590e-01 1.165601560549984742e-07
4.266186186186186613e-01 1.163200719512231661e-07
4.271111111111111081e-01 1.160823894287561153e-07
4.276036036036036103e-01 1.158471034852305346e-07
4.280960960960961126e-01 1.156142088262361632e-07
4.285885885885886148e-01 1.153836998701171521e-07
4.290810810810811171e-01 1.151555707527329322e-07
4.295735735735736194e-01 1.149298153322210934e-07
4.300660660660660661e-01 1.147064271937474795e-07
4.305585585585585684e-01 1.144853996542424389e-07
4.310510510510510707e-01 1.142667257671244629e-07
4.315435435435435729e-01 1.140503983269894791e-07
4.320360360360360752e-01 1.138364098743522371e-07
4.325285285285285219e-01 1.136247527002828881e-07
4.330210210210210242e-01 1.134154188510840620e-07
4.335135135135135265e-01 1.132084001329467432e-07
4.340060060060060287e-01 1.130036881165621531e-07
4.344984984984985310e-01 1.128012741417553511e-07
4.349909909909910333e-01 1.126011493220514306e-07
4.354834834834834800e-01 1.124033045492745769e-07
4.359759759759759823e-01 1.122077304980734332e-07
4.364684684684684846e-01 1.120144176304773047e-07
4.369609609609609868e-01 1.118233562003795957e-07
4.374534534534534891e-01 1.116345362580525225e-07
4.379459459459459914e-01 1.114479476545862273e-07
4.384384384384384381e-01 1.112635800463467921e-07
4.389309309309309404e-01 1.110814228993902203e-07
4.394234234234234426e-01 1.109014654938430393e-07
4.399159159159159449e-01 1.107236969282860535e-07
4.404084084084084472e-01 1.105481061240851311e-07
4.409009009009008939e-01 1.103746818297111912e-07
4.413933933933933962e-01 1.102034126250200629e-07
4.418858858858858984e-01 1.100342869255328867e-07
4.423783783783784007e-01 1.098672929866471388e-07
4.428708708708709030e-01 1.097024189078610495e-07
4.433633633633634052e-01 1.095396526369313961e-07
4.438558558558558520e-01 1.093789819740470069e-07
4.443483483483483543e-01 1.092203945759210946e-07
4.448408408408408565e-01 1.090638779598964415e-07
4.453333333333333588e-01 1.089094195079964136e-07
4.458258258258258611e-01 1.087570064709598289e-07
4.463183183183183633e-01 1.086066259722262869e-07
4.468108108108108101e-01 1.084582650119114398e-07
4.473033033033033123e-01 1.083119104707336256e-07
4.477957957957958146e-01 1.081675491139225810e-07
4.482882882882883169e-01 1.080251675950802837e-07
4.487807807807808191e-01 1.078847524600179853e-07
4.492732732732732659e-01 1.077462901505686004e-07
4.497657657657657682e-01 1.076097670083421601e-07
4.502582582582582704e-01 1.074751692784729262e-07
4.507507507507507727e-01 1.073424831133158967e-07
4.512432432432432750e-01 1.072116945761183091e-07
4.517357357357357772e-01 1.070827896446476418e-07
4.522282282282282240e-01 1.069557542147956996e-07
4.527207207207207262e-01 1.068305741041408103e-07
4.532132132132132285e-01 1.067072350554737587e-07
4.537057057057057308e-01 1.065857227402968397e-07
4.541981981981982330e-01 1.064660227622760734e-07
4.546906906906907353e-01 1.063481206606691608e-07
4.551831831831831821e-01 1.062320019137071307e-07
4.556756756756756843e-01 1.061176519419485764e-07
4.561681681681681866e-01 1.060050561115848845e-07
4.566606606606606888e-01 1.058941997377363444e-07
4.571531531531531911e-01 1.057850680876731767e-07
4.576456456456456934e-01 1.056776463840339003e-07
4.581381381381381401e-01 1.055719198079868572e-07
4.586306306306306424e-01 1.054678735023660868e-07
4.591231231231231447e-01 1.053654925747629832e-07
4.596156156156156469e-01 1.052647621005836473e-07
4.601081081081081492e-01 1.051656671260694589e-07
4.606006006006005959e-01 1.050681926712800758e-07
4.610930930930930982e-01 1.049723237330456612e-07
4.615855855855856005e-01 1.048780452878629682e-07
4.620780780780781027e-01 1.047853422947772510e-07
4.625705705705706050e-01 1.046941996982165292e-07
4.630630630630631073e-01 1.046046024307790547e-07
4.635555555555555540e-01 1.045165354160039030e-07
4.640480480480480563e-01 1.044299835710857668e-07
4.645405405405405586e-01 1.043449318095622083e-07
4.650330330330330608e-01 1.042613650439599746e-07
4.655255255255255631e-01 1.041792681884082801e-07
4.660180180180180654e-01 1.040986261612048401e-07
4.665105105105105121e-01 1.040194238873577100e-07
4.670030030030030144e-01 1.039416463010788718e-07
4.674954954954955166e-01 1.038652783482474583e-07
4.679879879879880189e-01 1.037903049888326510e-07
4.684804804804805212e-01 1.037167111992766625e-07
4.689729729729729679e-01 1.036444819748518561e-07
4.694654654654654702e-01 1.035736023319628367e-07
4.699579579579579725e-01 1.035040573104284893e-07
4.704504504504504747e-01 1.034358319757227254e-07
4.709429429429429770e-01 1.033689114211675442e-07
4.714354354354354792e-01 1.033032807701030247e-07
4.719279279279279260e-01 1.032389251780178653e-07
4.724204204204204283e-01 1.031758298346381407e-07
4.729129129129129305e-01 1.031139799659822300e-07
4.734054054054054328e-01 1.030533608363826978e-07
4.738978978978979351e-01 1.029939577504683509e-07
4.743903903903904373e-01 1.029357560551108399e-07
4.748828828828828841e-01 1.028787411413374572e-07
4.753753753753753863e-01 1.028228984462056483e-07
4.758678678678678886e-01 1.027682134546443017e-07
4.763603603603603909e-01 1.027146717012563681e-07
4.768528528528528931e-01 1.026622587720911970e-07
4.773453453453453399e-01 1.026109603063756074e-07
4.778378378378378422e-01 1.025607619982175362e-07
4.783303303303303444e-01 1.025116495982647662e-07
4.788228228228228467e-01 1.024636089153422015e-07
4.793153153153153490e-01 1.024166258180409941e-07
4.798078078078078512e-01 1.023706862362845752e-07
4.803003003003002980e-01 1.023257761628537910e-07
4.807927927927928002e-01 1.022818816548797983e-07
4.812852852852853025e-01 1.022389888353073802e-07
4.817777777777778048e-01 1.021970838943165848e-07
4.822702702702703070e-01 1.021561530907210180e-07
4.827627627627628093e-01 1.021161827533242475e-07
4.832552552552552561e-01 1.020771592822479506e-07
4.837477477477477583e-01 1.020390691502285494e-07
4.842402402402402606e-01 1.020018989038770005e-07
4.847327327327327628e-01 1.019656351649107114e-07
4.852252252252252651e-01 1.019302646313514308e-07
4.857177177177177119e-01 1.018957740786918378e-07
4.862102102102102141e-01 1.018621503610278925e-07
4.867027027027027164e-01 1.018293804121689256e-07
4.871951951951952187e-01 1.017974512467032062e-07
4.876876876876877209e-01 1.017663499610438019e-07
4.881801801801802232e-01 1.017360637344423323e-07
4.886726726726726699e-01 1.017065798299626991e-07
4.891651651651651722e-01 1.016778855954392923e-07
4.896576576576576745e-01 1.016499684643966428e-07
4.901501501501501767e-01 1.016228159569376692e-07
4.906426426426426790e-01 1.015964156806106156e-07
4.911351351351351813e-01 1.015707553312409307e-07
4.916276276276276280e-01 1.015458226937343347e-07
4.921201201201201303e-01 1.015216056428560099e-07
4.926126126126126326e-01 1.014980921439757383e-07
4.931051051051051348e-01 1.014752702537902356e-07
4.935975975975976371e-01 1.014531281210141576e-07
4.940900900900901394e-01 1.014316539870447967e-07
4.945825825825825861e-01 1.014108361865999368e-07
4.950750750750750884e-01 1.013906631483296101e-07
4.955675675675675906e-01 1.013711233953981142e-07
4.960600600600600929e-01 1.013522055460451718e-07
4.965525525525525952e-01 1.013338983141123481e-07
4.970450450450450419e-01 1.013161905095564325e-07
4.975375375375375442e-01 1.012990710389205209e-07
4.980300300300300465e-01 1.012825289057984151e-07
4.985225225225225487e-01 1.012665532112581657e-07
4.990150150150150510e-01 1.012511331542505005e-07
4.995075075075075532e-01 1.012362580319879910e-07
5.000000000000000000e-01 1.012219172403076756e-07
